minX = 600.75109863
minY = -616.04913330
maxX = 645.37481689
maxY = -538.92321777
cor = -16777098
