minX = 1211.62158203
minY = -1703.42553710
maxX = 1287.69067382
maxY = -1667.66992187
cor = 65398
